10640
0007575
0012512
0016039
0016220
0018037
0018097
0018192
0019254
0021214
0021607
0021884
0022054
0022268
0022626
0022958
0023305
0023622
0023649
0023969
0024368
0025316
0025465
0025878
0025905
0027996
0029162
0029870
0029947
0030637
0031381
0031679
0031725
0031971
0032138
0032551
0032599
0032840
0033467
0033532
0033553
0033870
0033891
0034583
0034587
0035423
0036027
0036104
0036112
0036341
0036613
0036733
0036775
0037343
0037549
0037820
0037884
0038355
0038650
0038661
0040613
0040636
0040705
0040835
0041113
0041827
0041959
0042192
0042546
0042609
0043014
0043265
0043291
0043456
0044008
0044079
0044706
0045152
0045793
0045911
0046359
0046534
0047296
0047396
0047437
0047443
0047478
0047673
0047677
0047832
0047849
0048356
0048424
0048545
0049223
0049470
0049730
0050083
0050105
0050156
0050976
0051036
0051198
0051337
0052357
0052365
0052561
0052587
0052655
0053125
0053291
0053559
0053604
0053619
0054167
0054215
0054240
0054331
0054387
0054997
0055601
0055928
0056172
0056241
0056412
0056592
0056801
0056869
0056923
0057012
0057076
0057115
0057160
0058150
0058182
0058331
0058414
0058946
0059037
0059113
0059742
0059800
0060397
0061418
0061512
0061722
0062407
0062622
0063227
0063350
0063426
0063442
0063462
0063522
0063611
0063663
0064115
0064665
0065214
0065724
0066026
0066249
0066434
0066819
0066921
0067065
0067116
0067128
0067180
0067185
0067217
0067309
0067328
0067482
0067525
0067959
0067992
0068638
0069049
0069113
0069303
0069316
0069704
0069762
0069945
0069995
0070047
0070328
0070334
0070379
0070510
0070723
0070735
0070849
0070917
0071222
0071315
0071562
0071571
0071577
0071746
0071853
0071970
0072251
0072271
0072431
0072684
0072890
0073195
0073440
0073486
0073540
0073629
0073692
0073705
0073802
0074119
0074281
0074285
0074486
0074695
0074812
0074901
0074958
0075005
0075148
0075314
0075686
0075860
0076009
0076095
0076245
0076590
0076729
0076752
0076759
0076913
0077362
0077402
0077405
0077416
0077474
0077631
0077651
0077663
0077681
0077745
0077766
0077869
0077928
0078346
0078444
0078748
0078767
0078788
0078841
0078902
0079240
0079271
0079367
0079417
0079540
0079638
0079817
0079945
0080120
0080130
0080180
0080319
0080339
0080455
0080487
0080583
0080661
0080678
0080684
0080745
0080749
0080761
0081150
0081283
0081383
0081398
0081455
0081505
0081568
0081573
0081633
0082010
0082089
0082288
0082340
0082348
0082398
0082474
0082495
0082498
0082509
0082533
0082694
0082971
0082979
0083064
0083067
0083190
0083511
0083530
0083624
0083658
0083722
0083833
0083866
0083907
0083929
0083944
0083967
0083972
0083987
0084352
0084434
0084489
0084516
0084522
0084602
0084726
0084787
0084805
0084827
0084855
0085244
0085333
0085334
0085346
0085407
0085549
0085794
0085811
0085959
0085995
0086034
0086066
0086122
0086190
0086250
0086312
0086336
0086393
0086425
0086510
0086837
0086856
0086879
0086927
0086960
0086979
0087050
0087182
0087332
0087344
0087363
0087469
0087538
0087800
0087843
0087928
0087957
0087985
0088000
0088011
0088128
0088146
0088170
0088172
0088184
0088206
0088247
0088258
0088323
0088683
0088763
0088846
0088847
0088930
0088933
0088936
0088939
0088944
0088993
0089008
0089155
0089175
0089218
0089360
0089424
0089457
0089469
0089504
0089670
0089686
0089822
0089880
0089881
0089886
0089907
0089927
0090021
0090022
0090060
0090065
0090142
0090264
0090329
0090605
0090655
0090728
0090756
0091042
0091064
0091080
0091167
0091203
0091209
0091276
0091295
0091326
0091369
0091419
0091474
0091738
0091763
0091777
0091860
0091875
0092005
0092007
0092086
0092099
0092105
0092106
0092112
0092699
0092897
0092991
0093010
0093058
0093177
0093209
0093260
0093409
0093418
0093428
0093437
0093467
0093565
0093589
0093605
0093624
0093629
0093693
0093748
0093773
0093777
0093779
0093822
0093870
0094006
0094008
0094012
0094056
0094074
0094137
0094155
0094291
0094332
0094336
0094602
0094606
0094612
0094631
0094701
0094721
0094737
0094761
0094812
0094898
0095016
0095159
0095174
0095250
0095271
0095294
0095444
0095497
0095583
0095631
0095705
0095742
0095765
0095916
0095956
0096061
0096119
0096244
0096256
0096320
0096426
0096438
0096446
0096463
0096487
0096734
0096744
0096754
0096874
0096895
0096928
0096933
0096969
0097165
0097179
0097202
0097216
0097239
0097243
0097289
0097322
0097351
0097368
0097388
0097428
0097481
0097493
0097503
0097523
0097576
0097647
0097733
0097737
0097742
0097757
0097758
0097806
0097815
0097958
0097981
0098084
0098206
0098258
0098273
0098382
0098524
0098554
0098621
0098625
0098635
0098724
0098987
0099044
0099077
0099165
0099348
0099365
0099409
0099423
0099487
0099528
0099653
0099674
0099685
0099700
0099703
0099739
0099740
0099785
0099810
0099871
0099892
0099994
0100133
0100150
0100157
0100260
0100403
0100405
0100477
0100685
0100791
0100802
0100814
0100828
0100935
0101272
0101327
0101393
0101410
0101452
0101507
0101635
0101761
0101786
0101862
0101889
0101917
0101998
0102034
0102070
0102138
0102181
0102266
0102303
0102307
0102460
0102492
0102494
0102526
0102685
0102753
0102757
0102798
0102803
0102926
0102975
0103007
0103039
0103064
0103074
0103241
0103594
0103639
0103644
0103759
0103772
0103776
0103855
0103859
0103874
0103893
0103919
0103976
0104036
0104040
0104070
0104073
0104114
0104257
0104348
0104409
0104431
0104437
0104549
0104627
0104691
0104797
0104804
0104815
0104868
0104952
0104990
0105104
0105128
0105151
0105159
0105187
0105236
0105414
0105417
0105435
0105585
0105665
0105690
0105695
0105810
0106220
0106302
0106303
0106308
0106364
0106379
0106387
0106447
0106452
0106453
0106500
0106582
0106598
0106611
0106673
0106677
0106697
0106834
0106873
0106918
0106977
0107048
0107120
0107211
0107254
0107290
0107302
0107387
0107507
0107688
0107798
0107808
0107818
0107822
0107840
0107889
0108037
0108052
0108149
0108160
0108162
0108174
0108200
0108327
0108330
0108333
0108358
0108399
0109040
0109288
0109444
0109445
0109450
0109456
0109506
0109520
0109635
0109686
0109707
0109813
0109830
0109831
0109836
0109838
0110005
0110006
0110027
0110074
0110097
0110148
0110265
0110400
0110475
0110478
0110604
0110632
0110737
0110882
0110912
0110932
0110950
0110978
0111127
0111149
0111161
0111257
0111280
0111300
0111503
0111686
0112346
0112384
0112401
0112442
0112462
0112572
0112573
0112579
0112594
0112641
0112642
0112688
0112697
0112722
0112857
0112864
0113101
0113118
0113131
0113161
0113189
0113198
0113243
0113253
0113277
0113492
0113497
0113540
0113627
0113677
0113690
0113749
0113820
0113862
0113972
0113987
0114057
0114069
0114084
0114194
0114345
0114369
0114388
0114436
0114478
0114558
0114582
0114663
0114709
0114746
0114814
0114857
0114924
0115433
0115610
0115632
0115641
0115685
0115710
0115734
0115736
0115759
0115798
0115956
0115963
0115986
0116000
0116136
0116209
0116225
0116253
0116282
0116365
0116367
0116409
0116629
0116654
0116695
0116705
0116778
0116905
0116908
0116922
0116996
0117060
0117069
0117331
0117500
0117509
0117571
0117631
0117665
0117666
0117731
0117738
0117802
0117891
0117918
0117951
0118158
0118531
0118548
0118564
0118571
0118583
0118604
0118607
0118615
0118617
0118636
0118647
0118655
0118688
0118689
0118715
0118749
0118750
0118771
0118842
0118880
0118883
0118884
0118900
0118929
0118956
0118971
0119008
0119081
0119094
0119099
0119116
0119173
0119174
0119177
0119217
0119223
0119229
0119280
0119314
0119349
0119381
0119396
0119485
0119488
0119528
0119567
0119643
0119654
0119664
0119675
0119738
0119822
0119925
0119942
0120004
0120053
0120082
0120157
0120174
0120177
0120184
0120188
0120201
0120202
0120238
0120255
0120324
0120338
0120347
0120382
0120399
0120586
0120587
0120591
0120601
0120603
0120611
0120616
0120623
0120647
0120655
0120660
0120663
0120667
0120669
0120681
0120684
0120685
0120686
0120689
0120694
0120696
0120735
0120737
0120738
0120744
0120746
0120751
0120755
0120762
0120770
0120780
0120783
0120789
0120801
0120804
0120812
0120815
0120824
0120832
0120834
0120844
0120863
0120885
0120888
0120889
0120890
0120891
0120901
0120902
0120903
0120907
0120915
0121164
0121765
0122151
0122459
0122529
0122690
0122933
0123964
0124198
0124298
0124315
0125439
0125664
0126029
0126388
0126886
0128442
0128445
0128853
0129167
0129387
0130018
0131369
0131620
0132347
0132512
0132910
0133093
0133152
0133751
0133952
0134084
0134119
0134273
0134847
0137494
0137523
0137982
0138097
0138524
0138704
0139112
0139134
0139239
0139414
0139654
0139668
0140352
0140397
0140519
0142192
0142688
0143145
0144084
0144117
0144142
0144214
0144814
0144964
0145048
0145487
0145660
0146309
0146316
0146675
0146838
0146882
0147612
0147800
0151137
0151738
0151804
0154506
0157503
0158983
0159365
0159382
0160127
0160484
0161081
0162222
0162346
0162661
0163025
0163187
0163579
0163651
0163978
0163988
0164052
0164167
0164181
0165361
0165710
0165854
0165929
0166110
0166276
0166896
0166924
0166943
0167190
0167260
0167261
0167404
0167456
0169102
0169547
0170016
0171363
0171580
0171804
0172495
0173716
0174480
0175142
0175526
0175880
0176118
0177023
0177789
0177971
0178868
0179626
0180073
0180093
0181689
0181852
0181865
0181875
0181984
0183523
0183649
0183790
0184858
0185014
0185183
0185371
0185431
0185908
0186151
0186566
0186589
0187078
0187393
0187738
0188453
0190332
0190590
0191397
0193524
0195685
0195714
0195945
0196158
0198781
0199725
0199753
0200365
0203230
0206275
0206634
0207201
0208092
0208988
0209144
0209163
0209958
0210070
0210094
0210688
0210742
0211443
0211915
0211933
0212720
0212985
0213149
0215545
0217505
0217869
0218817
0218967
0219822
0220506
0221027
0221069
0221183
0221928
0225071
0227005
0227538
0228750
0229260
0230600
0230838
0232500
0233469
0234215
0235326
0235737
0238546
0240380
0240507
0240510
0240772
0240900
0241527
0242653
0242998
0243133
0243155
0243585
0244000
0244244
0245674
0246578
0247199
0247425
0248667
0249672
0250081
0250494
0251005
0251075
0251160
0251640
0251736
0252503
0252963
0253474
0253754
0254099
0255819
0256276
0257044
0257106
0258000
0258153
0258463
0259324
0259711
0260414
0261392
0262432
0263488
0264323
0264395
0264464
0264616
0264796
0265662
0265666
0266452
0266543
0266697
0266915
0268126
0268695
0268978
0268995
0270288
0271367
0272020
0272152
0272338
0274546
0276816
0277027
0278435
0278504
0279113
0281358
0283632
0285742
0286106
0286162
0287138
0287978
0288477
0289043
0289765
0289848
0289879
0289992
0292644
0293416
0293508
0294870
0295178
0295297
0295701
0296869
0297884
0298130
0298203
0299977
0301848
0302297
0303593
0303714
0303732
0304141
0305206
0306685
0307479
0307879
0307901
0307987
0308383
0309593
0310357
0310910
0310924
0311113
0314331
0315327
0316654
0317640
0317705
0317740
0317919
0318374
0319061
0319343
0320691
0322259
0324127
0325710
0325805
0325980
0327137
0327554
0327597
0328099
0328107
0328538
0329028
0329101
0330373
0332452
0333766
0335119
0335245
0335266
0335345
0337636
0337741
0337921
0338013
0338075
0338094
0338526
0338751
0338963
0340163
0340855
0343737
0343818
0347149
0348836
0349903
0351977
0352248
0353969
0356910
0357413
0357470
0359013
0359950
0360009
0360486
0360717
0361127
0361748
0362478
0362636
0363282
0363445
0363547
0363988
0364045
0365485
0365737
0365748
0365929
0366548
0366551
0366627
0367089
0367882
0368008
0368226
0368447
0368891
0369226
0369339
0370263
0371246
0371257
0371724
0371746
0372183
0372532
0372588
0372784
0373469
0373889
0373926
0374887
0374900
0375063
0375154
0375679
0376874
0377092
0377749
0378194
0379725
0379786
0380510
0381061
0381613
0381849
0382910
0382932
0383028
0383574
0384814
0385887
0386117
0386140
0387564
0387808
0387877
0388795
0389722
0389790
0389860
0390221
0391198
0393109
0395169
0395584
0395699
0396269
0397101
0397535
0398712
0399146
0399201
0399295
0401383
0401997
0402399
0402850
0402910
0403358
0403407
0403702
0405422
0405508
0405676
0406375
0407304
0407362
0407680
0407887
0408236
0408790
0408985
0409459
0409847
0410097
0411477
0413267
0414055
0414387
0415306
0416320
0416449
0416658
0417217
0417385
0417741
0417907
0418206
0418279
0418763
0418819
0419706
0420223
0421054
0421090
0421239
0421715
0423510
0423977
0424345
0425055
0425112
0425151
0425210
0425253
0426459
0427152
0427944
0430308
0430357
0430912
0431197
0432283
0434409
0435625
0435651
0435705
0435761
0436697
0438488
0439815
0440963
0441773
0442933
0443272
0443274
0443649
0443680
0443706
0445934
0445939
0446029
0448134
0448157
0448179
0449059
0449086
0449088
0449467
0449487
0450232
0450259
0450278
0450385
0450405
0451279
0452623
0452637
0452694
0452702
0453556
0453562
0454082
0454841
0454876
0454921
0455407
0455538
0455967
0457430
0457939
0458339
0458352
0458413
0458522
0458525
0462200
0462346
0463854
0464154
0464196
0465538
0466893
0467197
0467200
0467406
0468569
0469169
0469188
0469494
0469623
0470752
0471042
0472033
0472062
0472181
0472198
0472399
0473075
0473705
0475290
0475394
0476964
0477078
0477348
0478134
0478304
0478311
0479143
0479884
0479942
0479997
0480249
0480255
0480687
0481499
0482571
0482606
0485947
0486051
0486655
0486822
0486946
0488120
0488478
0489235
0490076
0490215
0491152
0491175
0491747
0493464
0497465
0498399
0499549
0635199
0757361
0758752
0758758
0758774
0759956
0762125
0765429
0765443
0775529
0780504
0780536
0780571
0783233
0787474
0790636
0790686
0790712
0790721
0790724
0790770
0795351
0795368
0795438
0795461
0796366
0800039
0800080
0800240
0800320
0800369
0804461
0804497
0804522
0805564
0808151
0810784
0810819
0810988
0811080
0814255
0815236
0816462
0816692
0817177
0817228
0817230
0822832
0822847
0824747
0824758
0825232
0829193
0829482
0831387
0831884
0837563
0838247
0838283
0839980
0840361
0841046
0842926
0844286
0844471
0847214
0848228
0852713
0857191
0857295
0859163
0862846
0862856
0870111
0875034
0878804
0878835
0880578
0881891
0887883
0887912
0887971
0892318
0892769
0896872
0898367
0910936
0910970
0913354
0913425
0914837
0914863
0918927
0926084
0929632
0935075
0938283
0942385
0944835
0945513
0947798
0949731
0959337
0963794
0964517
0968264
0970179
0970452
0974014
0974661
0975645
0976051
0977855
0978759
0981227
0983193
0985694
0985699
0986263
0988045
0989757
0990413
0993842
0993846
1000774
1001508
1001526
10016180
10023286
1002561
10065694
1007029
10095582
1010048
1013743
1013753
1014759
1015474
1016150
10168670
1017460
1019452
1020072
1022603
1023114
10243992
1024648
10265034
10272386
10276470
1027718
10279362
1028528
10293406
10304142
1032755
1033575
1034032
10343028
1034415
10366460
1037705
1038686
1038919
1041829
10451852
1045658
1045670
1045772
1045778
1046173
1046947
1049413
1051241
10539608
1054606
1057500
1058017
1059786
1060277
10612922
10618286
10633456
10640346
1065073
10665338
1067583
1067774
1068649
1068680
10687506
10696784
10696896
1070874
1073105
10731256
1074638
1075747
1083452
1084950
1085779
1086064
10872600
1091191
1091722
1092026
10931784
10954984
10986222
1099212
1100089
1104001
1104126
1107319
11084896
11138512
11196036
1119646
1120985
11214590
1124035
11245972
1125849
1126590
1126591
1127180
1127715
11286210
11286314
1129445
1130080
1130884
1131734
1133985
1134807
1135487
1135985
11388990
11389748
1139668
11398346
1142977
1142988
1144884
1148204
1149362
1152836
11540284
1155056
1156398
11564570
1160419
1170358
1172233
11727866
1174730
1174732
11777738
1179904
1179933
11813216
1182345
1186367
1187043
1188729
1189340
1190080
1193138
1194263
1196141
1197624
1197628
1198138
1201167
1201607
1204977
1205489
1210166
1210819
1212428
1212436
1213641
1213663
1216475
1216491
1216492
1217613
1219289
1220198
1220628
1220888
1225822
12262116
1226229
1226271
1226753
1226774
1226837
1227926
1228987
12292206
1229822
1230414
1231277
1231587
1232200
1232783
1232829
1233334
1234548
1234654
1241317
1242432
1242460
1243957
1245526
1250777
1251757
12530246
12536294
1259521
1259528
1259571
12618926
1262416
1262990
1265990
1266029
12676326
12680684
1272878
1275861
1276104
1278379
12789558
1279935
12800524
12801262
1282140
1284575
1285016
1288558
12889404
1291584
1294213
1298650
1300851
1302006
1306980
1311071
1313092
13139228
13143964
1318514
1320253
13207508
1321509
1321511
1321860
1322269
1323045
1323594
1327773
1334260
1334512
1340138
13403046
1340800
1341167
1341188
1343092
1343727
13453006
1345836
1349451
1355644
13559026
1365050
13650600
1365519
13669038
1371111
1372686
1375666
13833688
1385826
1386588
1389072
1392190
1392214
1396484
1398426
1399683
1401152
1403177
1403865
1403981
1405365
1405500
1409024
1411238
1412386
14208870
1421051
1424381
1431045
1431181
14369780
14376344
1438176
1438254
14402146
1440292
1440728
1441326
1441395
1441951
14444726
14458442
1446192
1446714
1453405
1454029
1454468
1457767
1458175
1462758
1464540
1469304
1470023
1473832
1477837
1477855
1478338
1478964
14807308
1482459
1483013
1485796
1486185
1486190
1486670
1488555
1488589
1489887
1490017
1490785
1496729
1499658
1502397
1502404
1504320
1510906
1512235
1517451
1521197
1524930
15301048
1531804
1532503
15339456
1535108
1535109
1542344
1560220
1560747
1561375
1562567
1563742
1564585
1568338
1568346
1568911
1570728
1571222
15791034
1583420
1586265
1586752
1587310
1591095
1596345
1596363
1598778
1600195
1602613
1602620
1603257
1605717
1605783
1606392
1615147
1619029
1622547
1623288
1625346
1629412
1631867
1632708
1634106
1637725
1638355
1639426
1646971
1648190
1650062
1655389
1655420
1655442
1657507
1657517
1659337
1663202
1663655
1663662
1667307
1670345
1672723
1675192
1677720
1682180
1682940
1690953
1691920
1692486
1700845
1706593
1706620
1707386
1712170
1714915
1723811
1727388
1727824
1731141
1735898
1748122
1758830
1763264
1764183
1770734
1772288
1781769
1781782
1783732
1790809
1790864
1790885
1791528
1791682
1798709
1800241
1800302
1809398
1817273
1821549
1825157
1825683
1832382
1836808
1837709
1839492
1839596
1840309
1853728
1853739
1855199
1859650
1862079
1866249
1877830
1877832
1878870
1895587
1907668
1909807
1920945
1925435
1935179
1939659
1950186
1959563
1967545
1967614
1969062
1974419
1976009
19770238
1979376
1979388
1981677
1996264
2006810
2017038
2024432
2024544
2039338
2039393
2042568
2053425
2053463
2057392
2063781
2066051
2080374
2084970
2091935
2096673
2101441
2103281
2114461
2115295
2119532
2120120
2125435
2132285
2140373
2140479
2170299
2170439
2179116
2179136
2180411
2184339
2199571
2209418
2216212
2226417
2234003
2235108
2245188
2254364
2257436
2258858
2267998
2274648
2278388
2291540
2293640
2294449
2294629
2302755
2304953
2316204
2321549
2328900
2333804
2334649
2334873
2334879
2345737
2345759
2347569
2349144
2350496
2350892
2359024
2361317
2361509
2370248
2379713
2380307
2381111
2381249
2381941
2382320
2388715
2390361
2396589
2400463
2401878
2402927
2404181
2404233
2404425
2404461
2404639
2406566
2416048
2446980
2452042
2452150
2473602
2473794
2481498
2486678
2488496
2488778
2507238
2510894
2554274
2562232
2582496
2582782
2582802
2582846
2584384
2639344
2667918
2671706
2692904
2702724
2704998
2709768
2713180
2725962
2737304
2771200
2798920
2802144
2823054
2837574
2848292
2870612
2870708
2872462
2872718
2872732
2873282
2884018
2891174
2911666
2935510
2937898
2948356
2948372
2953050
2975590
2980516
2980592
2991516
3021360
3062976
3068194
3076658
3077214
3099498
3104988
3108894
3152624
3169706
3170832
3181822
3203606
3205376
3224458
3235888
3236120
3263904
3281548
3315342
3316948
3316960
3322940
3385524
3387520
3390572
3394420
3397884
3402236
3416532
3416744
3420504
3450958
3464902
3470600
3471098
3501632
3513548
3521126
3544112
3553976
3564472
3569230
3581652
3612126
3631112
3640682
3659388
3666024
3682448
3704050
3704428
3706352
3714720
3721954
3741632
3741834
3750872
3760922
3783958
3797512
3799694
3824648
3829266
3841424
3846674
3850214
3850590
3882082
3890160
3892172
3896198
3958780
3967856
4034228
4034354
4048272
4062536
4080956
4154796
4158096
4160608
4190530
4191702
4193072
4196450
4209788
4225622
4263482
4273800
4276820
4302938
4326444
4353250
4364194
4385888
4468740
4501454
4513316
4530422
4540710
4550098
4555426
4558376
4595882
4622512
4633694
4635372
4645330
4648786
4651520
4669788
4669986
4682804
4686844
4761112
4779682
4786282
4846340
4882376
4900716
4916630
4925292
4960748
4971344
4975722
4995540
4998632
5013056
5027774
5028340
5052448
5052474
5057140
5074352
5083738
5093026
5104604
5109280
5109784
5113250
5164214
5164432
5175450
5208216
5286444
5294550
5304464
5308322
5311542
5362988
5363618
5437928
5439812
5462602
5503686
5519340
5536610
5536736
5571734
5580036
5580266
5580390
5592248
5606664
5610554
5613484
5639354
5649108
5649144
5662022
5688932
5690360
5691670
5710514
5711148
5715874
5716464
5726616
5742374
5758778
5774060
5776858
5805752
5814060
5816682
5827916
5881892
5884230
5929754
5960374
5962210
5989218
6000478
6017942
6018306
6053438
6108178
6141246
6155172
6160448
6169694
6205872
6212478
6217608
6217926
6225520
6241872
6264654
6266538
6294822
6304162
6343314
6398184
6412452
6418778
6423362
6439020
6476140
6499752
6511932
6571548
6628394
6644200
6662736
6663582
6679794
6710474
6723592
6751668
6791238
6857112
6857376
6866224
6878306
6896536
6924650
6932874
6933454
6966692
6998518
7008872
7014006
7040874
7043012
7074886
7125860
7137380
7146812
7242142
7280898
7286456
7322224
7343762
7349662
7405458
7464188
7488208
7653254
7668870
7734218
7737528
7740496
7752126
7772582
7784604
7939766
7979580
7984734
7984766
7985692
8019694
8093700
8143990
8151874
8236336
8267604
8291806
8364368
8367814
8404614
8430598
8521718
8526872
8544498
8579674
8637428
8637440
8652728
8721424
8722346
8772262
8816194
8847712
8893974
8946378
9016016
9051908
9100054
9114286
9130508
9198364
9206798
9214832
9231040
9340860
9347730
9484998
9606374
9620288
9620292
9639470
9686708
9731534
9731598
9764362
9770150
9777644
9777666
9784798
9902160
imdbids.txt
